200
844 653 205 944 831 563 743 21 511 814 98 129 85 998 165 623 599 27 83 896 554 53 100 562 387 672 123 834 656 557 903 857 467 929 554 740 547 930 534 792 689 445 662 824 887 805 850 748 151 655 483 217 23 731 414 275 169 493 334 647 90 341 841 962 787 482 576 816 917 69 855 530 255 512 625 633 698 355 72 655 885 659 811 462 233 64 376 687 826 193 556 706 158 37 677 10 658 673 42 192 949 326 288 963 679 805 590 140 919 491 862 431 194 635 234 226 552 406 745 362 93 208 822 129 458 468 667 697 885 48 902 749 235 17 2 936 738 250 869 816 708 123 198 76 133 279 105 9 254 569 734 140 392 6 854 402 595 6 847 257 985 755 912 514 266 912 289 143 610 66 584 876 877 489 416 570 382 7 157 2 51 590 470 217 721 147 887 279 479 850 530 62 184 652 307 495 218 764 735 565 
1 2 1 2 1 2 1 2 1 2 2 3 3 4 3 4 3 4 1 2 1 2 2 3 3 4 3 4 3 4 3 4 4 5 5 6 5 6 1 2 2 3 2 3 3 4 3 4 1 2 1 2 1 2 2 3 2 3 1 2 1 2 1 2 1 2 1 2 1 2 2 3 3 4 1 2 2 3 3 4 4 5 2 3 2 3 3 4 4 5 3 4 2 3 2 3 2 3 2 3 3 4 4 5 4 5 5 6 3 4 1 2 2 3 3 4 4 5 5 6 5 6 4 5 4 5 3 4 3 4 4 5 3 4 3 4 3 4 1 2 2 3 3 4 4 5 4 5 1 2 2 3 1 2 1 2 1 2 1 2 1 2 2 3 3 4 2 3 1 2 1 2 2 3 2 3 1 2 1 2 1 2 1 2 1 2 2 3 1 2 2 3 1 2 2 3 2 3 1 2  
5
48 100
20 900
1 1000
0 1
500 600


